1710 887
11
57
935.5780807643093 836.0740229013602
1006.0922331392046 830.6498573340615
1013.9271389586376 828.8418021449612
1044.6640771733355 790.2699581108304
1013.9271389586376 726.9880264923345
992.230476689439 722.1665459880697
983.7928858069731 720.9611758620023
994.0385318785388 716.1396953577354
1022.9674149041371 660.692669558673
1016.3378792107706 622.120825524542
961.493538474741 573.9060204818782
956.0693729074416 569.6872250406448
951.8505774662082 567.2764847885118
884.3498504064794 458.79317344251893
871.0907790197467 341.2695861510266
887.9659607846794 265.93395327186516
889.7740159737793 262.3178428936652
895.8008666041117 260.5097877045653
968.7257592311405 211.0896125358351
957.877428096541 115.26268751354148
953.0559475922746 109.83852194624177
953.0559475922746 106.222411568042
973.5472397354066 61.62371690357809
998.2573273197718 38.11899944527985
994.0385318785388 39.92705463437983
921.7163243145435 70.06130778604454
917.4975288733104 71.86936297514441
910.2653081169108 67.65056753391114
798.768571455751 70.06130778604454
793.947090951485 73.07473310121094
786.1121851320524 70.06130778604454
718.00877300929 45.35122020167919
710.1738671898572 41.735109823479426
737.2946950263554 64.63714221874484
749.9510813500546 111.64657713534166
749.9510813500546 116.4680576396079
744.526915782755 121.28953814387428
733.6785846481557 217.71914822920152
812.6303279055176 260.5097877045653
819.8625486619165 262.3178428936652
822.2732889140498 268.34469352399805
838.5457856159488 341.2695861510266
824.6840291661829 459.9985435685858
745.1296008457884 576.3167607340113
740.9108054045553 578.727500986144
736.089324900289 581.1382412382774
692.0933152988583 628.7503612179079
686.669149731559 669.732945504172
717.4060879462569 723.9746011771679
728.254419080856 729.3987667444686
721.62488338749 730.0014518075023
699.325536055258 733.6175621857006
665.5751725253932 798.1048639302635
690.8879451727918 830.6498573340615
696.9147958031247 832.4579125231614
781.8933896908195 837.2793930274275
935.5780807643093 836.0740229013602
showHybrid
