1710 830
11
29
1119.5625 369.34999999999997
1145.8458333333333 397.7083333333333
1148.6125 402.55
1154.8375 400.47499999999997
1219.8541666666665 313.325
1201.8708333333334 244.15833333333333
1197.0291666666667 238.625
1187.3458333333333 239.31666666666666
1096.0458333333333 221.33333333333331
1033.7958333333333 157.7
1014.4291666666667 121.73333333333333
1010.2791666666667 109.28333333333333
1007.5125 130.725
947.3375 229.63333333333333
793.7875 303.64166666666665
569.6875 221.33333333333331
497.0625 146.63333333333333
552.3958333333334 213.725
620.8708333333334 358.97499999999997
539.9458333333333 562.3249999999999
508.1291666666667 596.9083333333333
597.3541666666667 529.125
743.9875 473.79166666666663
829.7541666666667 477.94166666666666
1031.7208333333333 572.0083333333333
1063.5375 596.2166666666667
986.7625 479.325
988.8375 424.68333333333334
1026.8791666666666 371.425
showHybrid
