1710 830
1
2
24
762.5248799961979 494.9823202319282
777.1044151893922 434.58138871726635
790.2954232213299 425.5559621690985
1131.873104890452 201.3088256261585
1150.6182215674162 189.50634475547744
1208.2420987595647 197.1432441423887
1235.3183784040682 151.3218478209211
1324.8783803051188 132.5767311439571
1286.6938833705622 75.64711753243672
1261.006130887315 80.50696259683481
1158.2551209543271 102.72339717694031
1133.2616320517086 108.97176940259497
1120.764887600399 143.68494843400984
1104.10256166532 154.7931657240626
771.5503065443659 369.32061213820646
752.1109262867735 381.8173565895157
713.2321657715888 377.65177510574597
706.2895299653059 268.65239294710335
624.3664274511668 371.4034028800913
407.06192671450975 475.54293997433587
406.3676631338815 658.134261679578
596.595884226035 731.0319376455493
739.614181835464 577.5996863266956
862.4988356066727 520.6700727151751
showHybrid
