1710 830
11
50
1045.8669077680065 135.11385256937783
1038.795466827016 131.13616704007072
1034.3758162388967 125.83258633432764
834.1656445971014 58.21193233610525
770.9646411869983 81.63608045313659
713.0672184826377 110.80577433472254
704.2279173063994 115.22542492284164
698.4823715418447 105.50219362897963
630.8617175436225 75.89053468858174
617.6027657792656 80.31018527670092
566.7767840158956 138.64957303987302
567.2187490747073 238.97564139017726
573.848224956886 253.11852327215803
660.0314114252085 273.00695091869414
669.3126776602583 267.2614051541393
671.0805378955063 280.07839185968476
711.2993582473904 396.75716738602915
854.4960373024496 507.6903971478188
860.2415830670043 512.5520127947495
860.6835481258163 518.739523618117
843.8888758909636 653.0969014969377
779.8039423632363 740.1640180828837
774.9423267163054 745.9095638474378
888.9693118897785 717.6238000834766
1038.795466827016 765.3560264351619
1049.402628238503 769.775677023282
967.639092358299 670.7755038494132
950.844420123446 590.3378631456469
978.2462537697837 509.01629232425404
1038.795466827016 504.15467667732287
1076.3624968260287 502.82878150088806
1082.5500076493954 488.68589961890643
1074.1526715319692 467.91354185474717
1080.7821474141483 461.2840659725679
1094.4830642373172 455.0965551492015
1093.599134119694 446.69921903177544
1083.4339377670192 443.1634985612796
1073.2687414143454 439.18581303197226
1084.7598329434547 433.44026726741777
1098.0187847078123 417.97149020900065
1090.947343766822 410.45808420919803
1082.991972708207 401.17681797414826
1089.1794835315743 396.31520232721726
1104.2062955311785 391.89555173909844
1117.4652472955363 383.9401806804837
1096.250924472565 367.14550844563115
1085.2017980022677 356.538347034145
1069.291055885038 303.9445050355279
1081.6660775317714 250.02476786047475
1064.4294402381065 158.09603562759708
showHybrid
